Matrix A
   10.0   27.0    2.0  -20.0   -6.0   12.0   -2.0   -0.0   17.0   -4.0   22.0    5.0  -16.0    8.0   28.0   14.0    0.0   14.0   -0.0    1.0
   24.0   -7.0    5.0   11.0   23.0   29.0   26.0    1.0   13.0    3.0    6.0   21.0   20.0    0.0   22.0   -0.0   16.0   12.0  -25.0   22.0
  -21.0    3.0   29.0   10.0    0.0  -15.0   25.0   19.0  -14.0   28.0   18.0  -17.0   25.0   -3.0   11.0    6.0    5.0    8.0    1.0    8.0
   19.0  -21.0   24.0   21.0   24.0   25.0  -22.0   12.0   23.0  -24.0  -10.0   21.0   22.0   16.0   14.0   18.0   23.0  -10.0   11.0    2.0
   -5.0   24.0   17.0   -3.0   24.0   10.0   16.0  -14.0  -12.0   29.0    9.0    7.0  -15.0  -17.0    2.0    4.0   -6.0   11.0   21.0   -3.0
   17.0   26.0  -11.0    5.0    3.0  -21.0   29.0   26.0  -17.0   -0.0   29.0   13.0  -26.0   16.0   12.0   20.0   24.0  -22.0   21.0   20.0
    4.0   28.0   16.0    3.0    5.0   13.0  -12.0   16.0   15.0   28.0   -3.0   12.0    0.0    6.0   15.0   15.0  -13.0   26.0   22.0    8.0
    2.0    3.0   16.0   12.0   -3.0   16.0   17.0   28.0    3.0   29.0   -4.0    1.0    5.0   24.0   13.0   17.0   22.0    7.0   28.0   16.0
   28.0  -14.0    0.0  -17.0  -13.0   23.0   18.0   14.0   -6.0   21.0   13.0   12.0   15.0    9.0  -16.0   18.0   26.0   15.0   16.0    5.0
    9.0   -2.0    3.0   10.0  -18.0   16.0   13.0   17.0  -20.0   20.0    8.0    0.0   14.0   22.0  -11.0  -11.0   -7.0  -20.0    5.0    6.0
  -16.0   13.0   14.0    2.0    9.0   13.0    3.0    0.0   25.0   27.0  -13.0   22.0   11.0   14.0   25.0  -25.0    8.0    7.0   -0.0    1.0
    9.0   14.0   29.0    8.0   14.0   29.0    9.0    4.0    2.0   21.0  -11.0    7.0   10.0   10.0   -5.0   24.0   22.0   22.0   20.0   22.0
   20.0   11.0   12.0   -7.0   28.0   29.0  -11.0   23.0  -25.0   20.0    8.0   26.0   -2.0    0.0  -21.0   12.0   21.0   -7.0   16.0    2.0
   21.0   20.0    6.0  -12.0  -23.0   23.0    5.0  -24.0    6.0    0.0  -26.0   14.0  -29.0   -4.0    7.0    0.0    8.0   22.0   28.0   -6.0
   24.0   10.0   14.0  -23.0   10.0  -25.0   15.0   18.0   16.0   13.0   11.0  -14.0   -3.0   10.0    2.0   -0.0   -1.0    9.0   26.0    9.0
   29.0   28.0   21.0  -11.0   11.0   26.0   23.0    9.0  -29.0   10.0    4.0   18.0   18.0   16.0   29.0   -6.0    1.0    3.0  -24.0   26.0
   -1.0   12.0   10.0    3.0   24.0  -16.0    6.0    5.0   22.0   18.0  -18.0   -3.0  -12.0   20.0  -23.0   18.0   16.0   -9.0   12.0   18.0
  -22.0  -13.0   19.0  -14.0   -9.0    2.0   17.0    9.0   -1.0   10.0    4.0  -19.0   -0.0  -27.0   21.0    9.0    0.0   24.0  -15.0   27.0
   17.0   -6.0    0.0    3.0   24.0   10.0   15.0   -3.0   16.0   16.0   11.0    3.0  -14.0   25.0   -1.0   17.0   23.0   13.0   10.0   15.0
   15.0    3.0   21.0   21.0   -0.0    3.0    7.0   -0.0    7.0    6.0   23.0   17.0    5.0  -15.0  -13.0   13.0    8.0   17.0    2.0    8.0
Matrix B
   16.0   18.0   19.0   23.0  -27.0   14.0   15.0   21.0    9.0   29.0   23.0   15.0   16.0  -16.0   -1.0   13.0   18.0  -17.0   29.0   -9.0
  -20.0   29.0   18.0    7.0   -0.0    0.0    9.0   21.0   20.0   16.0  -20.0    0.0   27.0   19.0    6.0   10.0    5.0   25.0   26.0   -9.0
    3.0    4.0  -23.0    7.0   26.0    5.0   23.0  -29.0    4.0    1.0   29.0   27.0   26.0   22.0  -16.0   29.0   28.0   12.0    5.0   22.0
    2.0    3.0   21.0   22.0   -9.0   11.0   22.0  -21.0   29.0  -27.0   26.0    7.0   19.0   23.0   10.0   19.0    8.0  -16.0   22.0   11.0
   20.0  -14.0    7.0   28.0   23.0  -15.0   20.0  -23.0   -4.0    6.0  -22.0   29.0   23.0    6.0    2.0    4.0    1.0    5.0   14.0   27.0
    6.0  -14.0   -9.0   19.0   25.0   -3.0    2.0   18.0   24.0   11.0   10.0  -21.0   -7.0    6.0    7.0    1.0    4.0   10.0    9.0  -11.0
    7.0   18.0    2.0   21.0    5.0   11.0    6.0    4.0    3.0   16.0  -12.0  -18.0  -18.0    5.0  -18.0   -3.0    1.0   -0.0  -14.0   25.0
    6.0    2.0   18.0  -21.0    7.0    4.0   19.0   12.0  -28.0   -8.0   16.0    5.0    7.0   18.0   25.0   26.0  -15.0  -12.0    9.0    3.0
   15.0    4.0    6.0    2.0   23.0   25.0   -4.0   -3.0    3.0   12.0  -27.0   16.0   29.0   26.0   29.0   17.0    3.0   12.0   25.0   19.0
  -21.0   18.0   29.0   26.0   13.0  -11.0    3.0   24.0    6.0   17.0    7.0   22.0   21.0   21.0    2.0   20.0    6.0  -12.0  -17.0   13.0
   10.0   20.0  -27.0   11.0   20.0    6.0   15.0    8.0  -16.0  -18.0  -15.0   19.0  -19.0   12.0    4.0   13.0   11.0  -13.0    1.0    5.0
   16.0  -25.0   29.0   21.0   17.0    2.0    2.0   22.0    0.0   12.0  -22.0   24.0  -12.0   15.0   -2.0  -15.0   -9.0   24.0   26.0  -10.0
   16.0   11.0   14.0   17.0  -16.0    6.0  -26.0   24.0   17.0   21.0   14.0    0.0   27.0   24.0   26.0   20.0   29.0  -16.0   24.0    4.0
  -13.0  -23.0   11.0   16.0   24.0   -1.0  -11.0  -12.0   12.0   26.0   10.0   20.0   29.0    2.0  -21.0    3.0   -1.0    1.0  -23.0   13.0
   24.0    7.0   10.0   22.0  -16.0   20.0  -20.0   -8.0    8.0  -29.0   17.0   18.0   11.0    8.0    0.0   17.0    8.0   14.0   -8.0   13.0
   13.0  -17.0    2.0    9.0  -24.0    2.0   26.0   11.0    7.0   22.0   18.0   15.0   19.0   27.0   20.0   21.0   -5.0   14.0   15.0  -28.0
   12.0   19.0   -1.0    4.0    7.0  -10.0   17.0   14.0    7.0    3.0   26.0    3.0   16.0    5.0   19.0  -21.0   14.0   17.0   24.0    0.0
   16.0   25.0   16.0    0.0   18.0   21.0   14.0   24.0  -14.0   21.0   16.0   25.0  -21.0    3.0   13.0   20.0  -14.0    9.0   14.0   28.0
   22.0    7.0   20.0  -16.0   25.0   -9.0   21.0  -26.0   29.0   11.0    7.0    5.0    7.0    4.0   -9.0    1.0   15.0   27.0  -14.0  -26.0
  -11.0   13.0  -20.0    6.0   24.0   29.0   14.0   19.0    8.0   16.0    3.0   17.0   22.0   20.0   18.0   22.0   29.0   22.0  -23.0   22.0
Product Matrix C
  870.0 1063.0  -31.0  892.0  918.0 1380.0  493.0 1429.0   -3.0  806.0 -612.0 1637.0  408.0  956.0  487.0 1268.0  -10.0 2025.0  850.0  -96.0
 2351.0  814.0  764.0 4531.0 1148.0 2225.0  699.0 2517.0  941.0 1667.0  882.0 2052.0 1568.0 2206.0 1736.0 1846.0 1784.0  417.0 2535.0 2975.0
  -77.0 2511.0 -104.0 1068.0  831.0  499.0 1105.0  115.0 -167.0 -357.0 1994.0 1408.0 1439.0 2880.0  518.0 3039.0 1677.0 -709.0 -1025.0 2525.0
 3521.0 -2275.0  965.0 2134.0 1127.0  760.0 1414.0 -1232.0 2083.0  823.0 2727.0 2611.0 3971.0 2324.0 1977.0 1573.0 1954.0 1282.0 3613.0  -47.0
  146.0 1369.0  763.0 1749.0 2101.0 -849.0 2172.0 -100.0  968.0  899.0 -902.0 1343.0    9.0 1140.0 -1108.0  761.0  514.0 1689.0 -168.0  519.0
  367.0 1447.0  993.0 1050.0  396.0  251.0 3162.0  617.0  333.0  359.0   51.0 1523.0 1166.0 1283.0 -322.0  399.0  642.0 1470.0 -427.0 -789.0
  680.0 1098.0 2743.0 1447.0 2289.0 1094.0 1848.0 1270.0 1360.0 2134.0  907.0 3240.0 2781.0 3145.0 1321.0 3513.0  616.0 2119.0 1224.0  536.0
  896.0 1134.0 2173.0 1813.0 2493.0  709.0 2384.0  794.0 1992.0 2120.0 3157.0 2213.0 3276.0 3268.0 1018.0 2801.0 1617.0 1523.0 -215.0  940.0
 1395.0 1159.0 1102.0 1345.0 1232.0  159.0 1743.0 3475.0  482.0 3651.0 2251.0  868.0   92.0  993.0  971.0  802.0 1075.0  154.0  837.0 -742.0
 -1327.0  120.0  555.0  895.0  479.0 -389.0 -143.0  857.0 1055.0  711.0 1408.0 -766.0  566.0  509.0 -858.0  697.0 1050.0 -1587.0 -1428.0 -304.0
  305.0  412.0 2116.0 2272.0 2931.0  619.0 -1045.0  401.0 1306.0  713.0 -457.0 1932.0 2340.0 2293.0  381.0 1028.0  818.0 1640.0  548.0 2542.0
 1135.0 1098.0 1510.0 2644.0 2939.0  642.0 3240.0 1480.0 2592.0 3719.0 2735.0 2642.0 3512.0 3349.0 1352.0 2749.0 2193.0 2524.0 1637.0 1014.0
  708.0 -485.0 1383.0 1644.0 2146.0 -1869.0 3249.0 1751.0  676.0 2247.0 1086.0 1711.0 1409.0 1245.0  499.0  380.0  786.0 1001.0 1941.0 -1481.0
  439.0  784.0 1367.0  -32.0  720.0  375.0  749.0  790.0 2057.0 2136.0  568.0 -371.0 -736.0 -1003.0 -1242.0 -1040.0 -141.0 3072.0  568.0 -1667.0
  771.0 2349.0  823.0  -60.0 1525.0  848.0 1669.0  -80.0 -566.0 2174.0   19.0 2368.0 1944.0  775.0  -93.0 2133.0 1148.0  569.0 -574.0 1309.0
  163.0 1392.0  675.0 4178.0  653.0 1344.0  290.0 3135.0 1057.0 2260.0 1494.0 1745.0 1866.0 1522.0 -379.0 2143.0 2154.0  772.0  702.0 1965.0
 -696.0 -150.0 1075.0  589.0 2096.0 -370.0 2328.0 -830.0  926.0 2584.0 -332.0 2004.0 3880.0 1905.0  535.0  890.0  650.0 1552.0   82.0  976.0
  182.0 1875.0 -2168.0 -402.0  574.0 1723.0  345.0 1018.0 -1560.0 -765.0 1163.0  302.0 -1002.0 1262.0 1140.0 2062.0  484.0  526.0 -1626.0 2413.0
 1274.0  428.0  870.0 2602.0 2654.0  623.0 2499.0  528.0  923.0 2587.0  646.0 2802.0 2067.0 1496.0  521.0 1143.0  863.0 1279.0  410.0 1589.0
 1289.0 1542.0  317.0 1683.0 1110.0 1197.0 2775.0 1258.0  502.0  967.0  971.0 2095.0  572.0 2250.0 1249.0 1955.0 1344.0  311.0 2529.0  721.0
