Matrix A
    2.0   18.0   14.0  -14.0    9.0   13.0    5.0    2.0  -16.0   17.0   18.0   12.0
   11.0    9.0  -10.0   17.0   16.0  -11.0   17.0   -0.0   16.0    2.0    7.0   16.0
   13.0   16.0   11.0  -14.0  -16.0   -7.0    4.0    1.0   19.0   18.0    6.0   12.0
   -7.0    3.0    0.0   -4.0   -9.0    0.0    9.0    1.0    6.0    1.0   -1.0    4.0
    1.0  -18.0    7.0   -4.0   18.0   16.0   19.0   15.0   19.0   18.0    0.0  -12.0
    9.0    6.0   17.0  -14.0   13.0    8.0  -18.0   13.0   13.0   16.0   10.0    1.0
   19.0    2.0  -13.0    9.0  -11.0    7.0   -9.0   10.0  -11.0   15.0    3.0   11.0
    9.0   -3.0   13.0  -10.0   -9.0    7.0   -3.0   14.0   18.0   12.0   16.0   12.0
  -12.0  -17.0   -4.0    5.0   17.0    3.0   14.0   -9.0    6.0   11.0    2.0    3.0
   16.0   12.0  -10.0  -18.0  -14.0   12.0    6.0    0.0    8.0  -14.0   11.0   -7.0
   16.0    3.0   18.0   17.0   19.0   12.0   15.0    6.0   11.0  -13.0  -18.0  -19.0
   -8.0    1.0   14.0   11.0    1.0   10.0   11.0  -16.0  -19.0   16.0   -3.0    5.0
Matrix B
    2.0   11.0   11.0   -8.0   13.0   12.0    1.0    2.0   -0.0    6.0   -2.0    8.0
   10.0    7.0  -19.0  -11.0   15.0    7.0  -17.0    9.0   -1.0   18.0   16.0   16.0
   10.0    4.0    1.0   -0.0    9.0   10.0   18.0   11.0   18.0    1.0    1.0   14.0
   10.0    4.0   13.0    9.0   13.0   16.0   18.0  -13.0   17.0  -17.0   16.0   14.0
    0.0    4.0  -17.0    1.0   19.0   13.0   -1.0    8.0  -15.0   13.0   -0.0   15.0
    5.0    0.0   13.0    3.0   -4.0    5.0    7.0   -8.0    8.0   11.0  -13.0   18.0
   18.0   12.0    7.0    1.0   -5.0   10.0    1.0   -8.0   14.0   16.0    2.0    7.0
   17.0   -4.0    0.0   19.0   12.0    1.0    0.0    0.0   -6.0    0.0    5.0   -3.0
    6.0   -5.0   14.0   16.0   -2.0   12.0   18.0   14.0  -17.0    3.0   -6.0    0.0
    2.0    5.0   19.0   -4.0   16.0   11.0    7.0   -1.0   12.0  -17.0   11.0   -8.0
   15.0   19.0   16.0    5.0   19.0  -10.0   13.0   17.0   -0.0  -11.0  -13.0   15.0
   14.0   13.0    4.0   17.0   19.0   13.0   16.0   14.0    3.0  -11.0  -18.0   16.0
Product Matrix C
  749.0  899.0   -2.0 -279.0 1232.0  271.0   40.0  663.0  535.0  261.0 -242.0 1028.0
  862.0  751.0  303.0  521.0 1109.0 1042.0  557.0  417.0 -190.0   49.0  108.0  836.0
  618.0  488.0  629.0   46.0  634.0  474.0  396.0  887.0  107.0  -53.0  -89.0  115.0
  234.0    4.0  133.0  161.0 -241.0   -8.0   54.0   43.0  106.0   75.0  -63.0  -98.0
  511.0  -24.0  903.0  552.0  139.0  681.0  750.0  -87.0  -33.0  354.0 -142.0   72.0
  319.0  155.0  227.0  213.0 1078.0  383.0  478.0  975.0 -425.0   32.0 -254.0  422.0
  224.0  345.0  713.0   64.0  733.0  214.0   86.0 -240.0  352.0 -668.0   60.0   97.0
  777.0  392.0 1046.0  670.0  731.0  303.0  977.0  840.0    6.0 -363.0 -640.0  330.0
   60.0  127.0  437.0  310.0   10.0  356.0  572.0 -137.0   88.0 -213.0 -223.0   70.0
  127.0  172.0  134.0 -274.0 -444.0 -433.0 -511.0  223.0 -433.0  872.0 -501.0  141.0
  348.0 -140.0 -161.0   -9.0   13.0 1050.0  244.0 -433.0  195.0 1159.0  577.0  784.0
  163.0  402.0  250.0 -408.0  244.0  427.0  316.0 -419.0 1283.0 -255.0  273.0  529.0
